# Frame list with one line of data per frame:
#   FRAME_ID, RIG_ID, RIG_FROM_WORLD[QW, QX, QY, QZ, TX, TY, TZ], NUM_DATA_IDS, DATA_IDS[] as (SENSOR_TYPE, SENSOR_ID, DATA_ID)
# Number of frames: 10
1 1 0.66400185185229199 0.14641407854768917 -0.11992941321351652 -0.72338191447258327 -0.15349586801853593 2.7037313027816254 0.03301648071613545 1 CAMERA 1 1
2 1 0.66421694443521129 0.14497730527026353 -0.12139016258734259 -0.72323015707915761 -0.11021852789642948 -0.68578398057184575 -0.010377696281833418 1 CAMERA 1 2
3 1 0.66440578930754224 0.1434770255858856 -0.12269692105521915 -0.72313536480192853 -0.068871274322989826 -4.1609261141396798 -0.061566378805149702 1 CAMERA 1 3
4 1 0.99761788942305729 -0.055167543891446555 0.0047709270509889252 -0.041137902950247565 2.7239019388053127 -3.3469034284323773 1.7459524406784699 1 CAMERA 1 4
5 1 0.99765515696361118 -0.05504767211876279 0.0049271711420792452 -0.040369104061820718 2.6753331257625996 -0.20461355185357652 -0.01655030295339727 1 CAMERA 1 5
6 1 0.99768788229589678 -0.053431674082983348 0.0098179917015487929 -0.040835680030666503 -4.206227810457797 0.48903321382044546 -0.28788216208110834 1 CAMERA 1 6
7 1 0.72623840354869595 -0.044640984393268877 0.31407379457199425 0.60987098249268279 0.0015395884441379369 -1.6887973905730631 0.77544092544683929 1 CAMERA 1 7
8 1 0.7263422969853065 -0.04567349587446231 0.31309167795050608 0.61017571287527583 -0.025971620964771739 1.3361785930838397 -0.90217222201575276 1 CAMERA 1 8
9 1 0.67578623617637135 -0.030257274274460417 -0.30418143558714689 -0.6707243208593201 1.8369078362546865 2.9406298084590712 -1.3296182609663751 1 CAMERA 1 9
10 1 0.67569878324043975 -0.028473307483924275 -0.30430879233863622 -0.67083275411514898 1.8721980385522647 -0.02920722836600621 0.31289462029448589 1 CAMERA 1 10
