DJI_20260207174150_0510_D.JPG,-49.87,172.64,-1.32,-156.10,-60.00,0.00
DJI_20260206162616_0706_D.JPG,-48.48,144.94,-17.70,96.10,-60.00,0.00
DJI_20260206155145_0126_D.JPG,-44.86,167.72,-14.66,-131.50,-90.00,0.00
DJI_20260206164710_0114_D.JPG,-45.42,165.25,-16.29,13.70,-60.00,0.00
DJI_20260206155148_0128_D.JPG,-51.27,139.71,-14.66,-131.50,-90.00,0.00
DJI_20260206162716_0731_D.JPG,-46.25,174.49,-17.80,96.10,-60.00,0.00
DJI_20260206164712_0115_D.JPG,-48.76,150.17,-16.29,13.70,-60.00,0.00
DJI_20260206162615_0705_D.JPG,-33.43,141.56,-17.70,96.10,-60.00,0.00
DJI_20260207174152_0511_D.JPG,-53.22,158.18,-1.32,-156.10,-60.00,0.00
DJI_20260206155147_0127_D.JPG,-47.92,154.18,-14.66,-131.50,-90.00,0.00
